<HDF5 dataset "0.expected": shape (459, 459), type "<f4">
<HDF5 dataset "0.counts": shape (459, 459), type "<f4">
<HDF5 dataset "0.positions": shape (459, 2), type "<i4">
<HDF5 dataset "regions": shape (1,), type "|V21">
459
[101130000, 99470000, 7e+08]
[101130000, 99470000, 7e+08]
[98850000, 102950000, 70.264214]
[101570000, 103130000, 9e+08]
[101130000, 99470000, 7e+08]
[101130000, 99470000, 7e+08]
[99800000, 103140000, 1.8e+09]
[101570000, 103130000, 9e+08]
[98910000, 103210000, 123.62456]
[98920000, 103180000, 5e+08]
[101570000, 103130000, 9e+08]
[99800000, 103140000, 1.8e+09]
[101130000, 99470000, 7e+08]
[101130000, 99470000, 7e+08]
[98850000, 102950000, 70.264214]
[101570000, 103130000, 9e+08]
[101570000, 103130000, 9e+08]
[101130000, 99470000, 7e+08]
[101130000, 99470000, 7e+08]
[99020000, 99030000, 0]
[101130000, 99470000, 7e+08]
[101130000, 99470000, 7e+08]
[99050000, 100880000, 61.024704]
[99800000, 103140000, 1.8e+09]
[101570000, 103130000, 9e+08]
[99800000, 103140000, 1.8e+09]
[101130000, 99470000, 7e+08]
[101130000, 99470000, 7e+08]
[101130000, 99470000, 7e+08]
[101570000, 103130000, 9e+08]
[101130000, 99470000, 7e+08]
[101670000, 102380000, 41.83419]
[99800000, 103140000, 1.8e+09]
[99000000, 102630000, 3e+08]
[101570000, 103130000, 9e+08]
[101130000, 99470000, 7e+08]
[101130000, 99470000, 7e+08]
[101130000, 99470000, 7e+08]
[99210000, 99220000, 0]
[101130000, 99470000, 7e+08]
[98850000, 102950000, 70.264214]
[101130000, 99470000, 7e+08]
[101130000, 99470000, 7e+08]
[101570000, 103130000, 9e+08]
[101130000, 99470000, 7e+08]
[101130000, 99470000, 7e+08]
[99290000, 99300000, 0]
[99800000, 103140000, 1.8e+09]
[101130000, 99470000, 7e+08]
[101130000, 99470000, 7e+08]
[99800000, 103140000, 1.8e+09]
[99460000, 103270000, 1e+08]
[99800000, 103140000, 1.8e+09]
[101570000, 103130000, 9e+08]
[101130000, 99470000, 7e+08]
[101130000, 99470000, 7e+08]
[101570000, 103130000, 9e+08]
[101130000, 99470000, 7e+08]
[101570000, 103130000, 9e+08]
[99700000, 103340000, 2e+08]
[101570000, 103130000, 9e+08]
[101570000, 103130000, 9e+08]
[99800000, 103140000, 1.8e+09]
[101130000, 99470000, 7e+08]
[98920000, 103180000, 5e+08]
[101570000, 103130000, 9e+08]
[101570000, 103130000, 9e+08]
[98910000, 103210000, 123.62456]
[99510000, 101950000, 184.97253]
[99800000, 103140000, 1.8e+09]
[102330000, 99710000, 1e+09]
[98960000, 101270000, 1e+08]
[99000000, 102630000, 3e+08]
[101570000, 103130000, 9e+08]
[98960000, 101270000, 1e+08]
[99580000, 99590000, 0]
[101570000, 103130000, 9e+08]
[101570000, 103130000, 9e+08]
[101570000, 103130000, 9e+08]
[99700000, 103340000, 2e+08]
[101570000, 103130000, 9e+08]
[101570000, 103130000, 9e+08]
[101570000, 103130000, 9e+08]
[101570000, 103130000, 9e+08]
[101570000, 103130000, 9e+08]
[101570000, 103130000, 9e+08]
[99460000, 103190000, 2e+08]
[102330000, 99710000, 1e+09]
[99460000, 103100000, 2e+08]
[99800000, 103140000, 1.8e+09]
[99250000, 103120000, 3e+08]
[101570000, 103130000, 9e+08]
[101570000, 103130000, 9e+08]
[101570000, 103130000, 9e+08]
[99770000, 99780000, 0]
[98850000, 102950000, 70.264214]
[101570000, 103130000, 9e+08]
[103130000, 99810000, 1.8e+09]
[98920000, 103180000, 5e+08]
[99820000, 99830000, 0]
[101570000, 103130000, 9e+08]
[98920000, 103180000, 5e+08]
[101570000, 103130000, 9e+08]
[99860000, 99870000, 0]
[99070000, 102630000, 3e+08]
[99800000, 103140000, 1.8e+09]
[99890000, 99900000, 0]
[99900000, 99910000, 0]
[99910000, 99920000, 0]
[99920000, 99930000, 0]
[99930000, 99940000, 0]
[99940000, 99950000, 0]
[99950000, 99960000, 0]
[99960000, 99970000, 0]
[99970000, 99980000, 0]
[99980000, 99990000, 0]
[99990000, 100000000, 0]
[100000000, 100010000, 0]
[100010000, 100020000, 0]
[100020000, 100030000, 0]
[100030000, 100040000, 0]
[100040000, 100050000, 0]
[100050000, 100060000, 0]
[100060000, 100070000, 0]
[100070000, 100080000, 0]
[100080000, 100090000, 0]
[101570000, 103130000, 9e+08]
[99050000, 100880000, 61.024704]
[99800000, 103140000, 1.8e+09]
[100120000, 100130000, 0]
[100130000, 100140000, 0]
[98850000, 102950000, 70.264214]
[100150000, 100160000, 0]
[100160000, 100170000, 0]
[98920000, 103180000, 5e+08]
[98920000, 103180000, 5e+08]
[99040000, 100200000, 36.0839]
[101570000, 103130000, 9e+08]
[100210000, 100220000, 0]
[100220000, 100230000, 0]
[100230000, 100240000, 0]
[100240000, 100250000, 0]
[100250000, 100260000, 0]
[100260000, 100270000, 0]
[100270000, 100280000, 0]
[100280000, 100290000, 0]
[100290000, 100300000, 0]
[101570000, 103130000, 9e+08]
[100310000, 100320000, 0]
[100320000, 100330000, 0]
[99800000, 103140000, 1.8e+09]
[99800000, 103140000, 1.8e+09]
[101570000, 103130000, 9e+08]
[100360000, 100370000, 0]
[102220000, 102960000, 4e+08]
[98920000, 103180000, 5e+08]
[98850000, 102950000, 70.264214]
[99460000, 103190000, 2e+08]
[101570000, 103130000, 9e+08]
[99160000, 101800000, 4e+08]
[101670000, 102380000, 41.83419]
[102220000, 102960000, 4e+08]
[99800000, 103140000, 1.8e+09]
[99460000, 103190000, 2e+08]
[99270000, 103110000, 1e+08]
[101570000, 103130000, 9e+08]
[100490000, 100500000, 0]
[98920000, 103180000, 5e+08]
[101570000, 103130000, 9e+08]
[99070000, 103120000, 3e+08]
[98920000, 103180000, 5e+08]
[100540000, 100550000, 0]
[98960000, 101270000, 1e+08]
[99800000, 103140000, 1.8e+09]
[98910000, 103210000, 123.62456]
[101580000, 103300000, 401.09738]
[98920000, 103180000, 5e+08]
[103120000, 102780000, 2e+08]
[101570000, 103130000, 9e+08]
[99460000, 103190000, 2e+08]
[101570000, 103130000, 9e+08]
[99460000, 103190000, 2e+08]
[98850000, 102950000, 70.264214]
[99070000, 103120000, 3e+08]
[101570000, 103130000, 9e+08]
[99050000, 100880000, 61.024704]
[99800000, 103140000, 1.8e+09]
[103120000, 102780000, 2e+08]
[99460000, 103190000, 2e+08]
[99070000, 103120000, 3e+08]
[99800000, 103140000, 1.8e+09]
[101570000, 103130000, 9e+08]
[99070000, 103120000, 3e+08]
[99460000, 103100000, 2e+08]
[99070000, 102630000, 3e+08]
[100780000, 100790000, 0]
[99800000, 103140000, 1.8e+09]
[99800000, 103140000, 1.8e+09]
[101670000, 102380000, 41.83419]
[101570000, 103130000, 9e+08]
[101570000, 103130000, 9e+08]
[99070000, 103120000, 3e+08]
[101570000, 103130000, 9e+08]
[101570000, 103130000, 9e+08]
[99050000, 100880000, 61.024704]
[101570000, 103130000, 9e+08]
[101570000, 103130000, 9e+08]
[98920000, 103180000, 5e+08]
[102780000, 103420000, 15.577944]
[99800000, 103140000, 1.8e+09]
[98920000, 103180000, 5e+08]
[102220000, 102960000, 4e+08]
[100950000, 100960000, 0]
[99070000, 103120000, 3e+08]
[99070000, 103120000, 3e+08]
[101670000, 102380000, 41.83419]
[101570000, 103130000, 9e+08]
[98850000, 102950000, 70.264214]
[99460000, 103190000, 2e+08]
[101570000, 103130000, 9e+08]
[98960000, 101270000, 1e+08]
[98960000, 101270000, 1e+08]
[99800000, 103140000, 1.8e+09]
[101060000, 101070000, 0]
[101570000, 103130000, 9e+08]
[98920000, 103180000, 5e+08]
[101570000, 103130000, 9e+08]
[101670000, 102380000, 41.83419]
[99800000, 103140000, 1.8e+09]
[98850000, 102950000, 70.264214]
[99460000, 103270000, 1e+08]
[99460000, 103270000, 1e+08]
[101570000, 103130000, 9e+08]
[98850000, 102950000, 70.264214]
[99460000, 103270000, 1e+08]
[102950000, 102440000, 7.7071371]
[99800000, 103140000, 1.8e+09]
[101570000, 103130000, 9e+08]
[99800000, 103140000, 1.8e+09]
[99070000, 102630000, 3e+08]
[98920000, 103180000, 5e+08]
[101570000, 103130000, 9e+08]
[101570000, 103130000, 9e+08]
[101570000, 103130000, 9e+08]
[98920000, 103180000, 5e+08]
[98920000, 103180000, 5e+08]
[101570000, 103130000, 9e+08]
[99460000, 103190000, 2e+08]
[102780000, 103420000, 15.577944]
[99490000, 102400000, 6e+08]
[99130000, 102430000, 19.72476]
[100440000, 102200000, 187.99086]
[101570000, 103130000, 9e+08]
[101570000, 103130000, 9e+08]
[99490000, 102400000, 6e+08]
[99800000, 103140000, 1.8e+09]
[99800000, 103140000, 1.8e+09]
[99070000, 103120000, 3e+08]
[99070000, 102630000, 3e+08]
[99270000, 103110000, 1e+08]
[98910000, 103210000, 123.62456]
[99800000, 103140000, 1.8e+09]
[101570000, 103130000, 9e+08]
[98850000, 102950000, 70.264214]
[99460000, 103190000, 2e+08]
[99460000, 103270000, 1e+08]
[101570000, 103130000, 9e+08]
[101570000, 103130000, 9e+08]
[99460000, 103270000, 1e+08]
[101570000, 103130000, 9e+08]
[98850000, 102950000, 70.264214]
[99070000, 103120000, 3e+08]
[99460000, 101560000, 4e+08]
[98850000, 102950000, 70.264214]
[99000000, 102630000, 3e+08]
[98920000, 103180000, 5e+08]
[101570000, 103130000, 9e+08]
[98850000, 102950000, 70.264214]
[99160000, 101800000, 4e+08]
[101620000, 101630000, 0]
[101570000, 103130000, 9e+08]
[99460000, 103190000, 2e+08]
[98850000, 102950000, 70.264214]
[99250000, 102630000, 3e+08]
[101570000, 103130000, 9e+08]
[99460000, 103190000, 2e+08]
[99490000, 102400000, 6e+08]
[99800000, 103140000, 1.8e+09]
[99800000, 103140000, 1.8e+09]
[101570000, 103130000, 9e+08]
[101570000, 103130000, 9e+08]
[99650000, 103350000, 1e+08]
[101570000, 103130000, 9e+08]
[99800000, 103140000, 1.8e+09]
[99000000, 102630000, 3e+08]
[99250000, 102630000, 3e+08]
[99000000, 102630000, 3e+08]
[101570000, 103130000, 9e+08]
[101810000, 101820000, 0]
[101670000, 102380000, 41.83419]
[98850000, 102950000, 70.264214]
[101840000, 101850000, 0]
[99460000, 103270000, 1e+08]
[99460000, 103270000, 1e+08]
[99460000, 103190000, 2e+08]
[101570000, 103130000, 9e+08]
[99800000, 103140000, 1.8e+09]
[101900000, 101910000, 0]
[101570000, 103130000, 9e+08]
[101920000, 101930000, 0]
[101570000, 103130000, 9e+08]
[98850000, 102950000, 70.264214]
[101570000, 103130000, 9e+08]
[99800000, 103140000, 1.8e+09]
[98850000, 102950000, 70.264214]
[100110000, 103390000, 1e+08]
[101990000, 102000000, 0]
[102000000, 102010000, 0]
[98850000, 102950000, 70.264214]
[98850000, 102950000, 70.264214]
[99800000, 103140000, 1.8e+09]
[100440000, 102200000, 187.99086]
[99800000, 103140000, 1.8e+09]
[99070000, 102630000, 3e+08]
[98850000, 102950000, 70.264214]
[98850000, 102950000, 70.264214]
[99800000, 103140000, 1.8e+09]
[102100000, 102110000, 0]
[99460000, 103190000, 2e+08]
[101670000, 102380000, 41.83419]
[101570000, 103130000, 9e+08]
[98850000, 102950000, 70.264214]
[102150000, 102160000, 0]
[102950000, 102440000, 7.7071371]
[99800000, 103140000, 1.8e+09]
[99800000, 103140000, 1.8e+09]
[98920000, 103180000, 5e+08]
[99460000, 103190000, 2e+08]
[102210000, 102220000, 0]
[98920000, 103180000, 5e+08]
[99070000, 103120000, 3e+08]
[99070000, 102630000, 3e+08]
[102780000, 103420000, 15.577944]
[98850000, 102950000, 70.264214]
[101570000, 103130000, 9e+08]
[99000000, 102630000, 3e+08]
[101570000, 103130000, 9e+08]
[99070000, 103120000, 3e+08]
[101570000, 103130000, 9e+08]
[101570000, 103130000, 9e+08]
[100110000, 103390000, 1e+08]
[102780000, 103420000, 15.577944]
[102780000, 103420000, 15.577944]
[98850000, 102950000, 70.264214]
[101570000, 103130000, 9e+08]
[98920000, 103180000, 5e+08]
[99800000, 103160000, 3e+08]
[101570000, 103130000, 9e+08]
[102950000, 102440000, 7.7071371]
[99130000, 102430000, 19.72476]
[102780000, 103420000, 15.577944]
[102440000, 102450000, 0]
[102450000, 102460000, 0]
[99460000, 103270000, 1e+08]
[101570000, 103130000, 9e+08]
[102780000, 103420000, 15.577944]
[102490000, 102500000, 0]
[99800000, 103140000, 1.8e+09]
[98850000, 102950000, 70.264214]
[99800000, 103160000, 3e+08]
[101570000, 103130000, 9e+08]
[101570000, 103130000, 9e+08]
[101570000, 103130000, 9e+08]
[99070000, 103120000, 3e+08]
[102780000, 103420000, 15.577944]
[98920000, 103180000, 5e+08]
[99070000, 103120000, 3e+08]
[99070000, 103120000, 3e+08]
[101570000, 103130000, 9e+08]
[102780000, 103420000, 15.577944]
[99460000, 103270000, 1e+08]
[101570000, 103130000, 9e+08]
[99460000, 103190000, 2e+08]
[99070000, 103120000, 3e+08]
[102780000, 103420000, 15.577944]
[98850000, 102950000, 70.264214]
[102780000, 103420000, 15.577944]
[102700000, 102710000, 0]
[98850000, 102950000, 70.264214]
[98850000, 102950000, 70.264214]
[102730000, 102740000, 0]
[101570000, 103130000, 9e+08]
[99700000, 103340000, 2e+08]
[102760000, 102770000, 0]
[102780000, 103420000, 15.577944]
[98850000, 102950000, 70.264214]
[102790000, 102800000, 0]
[102800000, 102810000, 0]
[98920000, 103180000, 5e+08]
[102820000, 102830000, 0]
[102830000, 102840000, 0]
[99250000, 103120000, 3e+08]
[101570000, 103130000, 9e+08]
[99070000, 103120000, 3e+08]
[101570000, 103130000, 9e+08]
[102880000, 102890000, 0]
[99330000, 103120000, 2e+08]
[99460000, 103270000, 1e+08]
[99460000, 103270000, 1e+08]
[99070000, 103120000, 3e+08]
[102930000, 102940000, 0]
[99460000, 103270000, 1e+08]
[101570000, 103130000, 9e+08]
[102960000, 102970000, 0]
[100180000, 103080000, 235.89647]
[99460000, 103270000, 1e+08]
[100180000, 103080000, 235.89647]
[99270000, 103110000, 1e+08]
[101570000, 103130000, 9e+08]
[101570000, 103130000, 9e+08]
[103030000, 103040000, 0]
[99070000, 103120000, 3e+08]
[101570000, 103130000, 9e+08]
[99460000, 103270000, 1e+08]
[100180000, 103080000, 235.89647]
[99070000, 103120000, 3e+08]
[99070000, 103120000, 3e+08]
[99460000, 103190000, 2e+08]
[99460000, 103270000, 1e+08]
[99460000, 103270000, 1e+08]
[99460000, 103270000, 1e+08]
[99460000, 103270000, 1e+08]
[102780000, 103420000, 15.577944]
[98920000, 103180000, 5e+08]
[98920000, 103180000, 5e+08]
[99460000, 103270000, 1e+08]
[102780000, 103420000, 15.577944]
[102780000, 103420000, 15.577944]
[99460000, 103270000, 1e+08]
[103220000, 103230000, 0]
[99700000, 103340000, 2e+08]
[99700000, 103340000, 2e+08]
[102780000, 103420000, 15.577944]
[99460000, 103270000, 1e+08]
[99700000, 103340000, 2e+08]
[99650000, 103350000, 1e+08]
[102780000, 103420000, 15.577944]
[101550000, 103380000, 17.954449]
[99700000, 103340000, 2e+08]
[101550000, 103380000, 17.954449]
[102780000, 103420000, 15.577944]
[100110000, 103390000, 1e+08]
[100110000, 103390000, 1e+08]
[100110000, 103390000, 1e+08]
[101550000, 103380000, 17.954449]
[100110000, 103390000, 1e+08]
[99800000, 103400000, 1e+08]
[101700000, 103410000, 58.693878]
[102780000, 103420000, 15.577944]
